[[ 0.07694743]
 [-0.03072679]
 [ 0.43021908]
 [-0.18887151]
 [ 0.38141908]
 [ 0.02955971]
 [ 0.11121767]
 [ 0.2452294 ]
 [ 0.09415999]
 [-0.42138722]
 [ 0.08772435]
 [ 0.14657444]
 [ 0.18264225]
 [ 0.10228788]
 [ 0.04996213]
 [-0.02206433]
 [-0.22850481]
 [-0.10595772]
 [ 0.4184192 ]
 [-0.05852581]
 [-0.18761423]
 [ 0.00618276]
 [-0.13891229]
 [ 0.27030406]
 [-0.03113221]
 [ 0.21085851]
 [-0.06761509]
 [ 0.71967671]
 [-0.07626369]
 [-0.05015774]
 [-0.27286149]
 [-0.08051197]
 [-0.00595896]
 [-0.79542068]
 [ 0.21330103]
 [ 0.17941793]
 [-0.01254075]
 [-0.23393157]
 [-0.02594819]
 [-0.92768073]
 [-0.14341654]
 [ 0.00282752]
 [-0.1897727 ]
 [-0.36106817]
 [-0.11015785]
 [-0.2577266 ]
 [-0.33911441]
 [ 0.35161678]
 [-0.37382383]
 [-0.29898128]
 [-0.24610849]
 [-0.03023044]
 [-0.28994388]
 [-0.21228788]
 [-0.33600659]
 [ 0.01132428]
 [-0.19338899]
 [-0.21787999]
 [-0.35011227]
 [-0.59267667]
 [-0.35669306]
 [-0.31161771]
 [-0.53890782]]