[[-0.059204  ]
 [-0.05678846]
 [ 0.19154581]
 [ 0.05320114]
 [ 0.05273509]
 [-0.00550309]
 [-1.3107266 ]
 [-0.24513351]
 [-0.47451529]
 [ 1.44270315]
 [ 0.08659561]
 [ 0.07799209]
 [-0.06810274]
 [ 0.13595602]
 [ 0.03639479]
 [ 0.00424698]
 [ 0.06181584]
 [-0.00553588]
 [-0.04270722]
 [-0.00588966]
 [ 0.01477603]
 [ 0.0214479 ]
 [ 0.14276953]
 [-0.05297749]
 [ 0.02705583]
 [ 0.01920985]
 [ 0.00266223]
 [ 0.09108391]
 [ 0.02749229]
 [ 0.05641314]
 [-0.03285106]
 [ 0.00908438]
 [-0.0023706 ]
 [-0.25414589]
 [-0.2395594 ]
 [-0.18671303]
 [-0.22971883]
 [-0.23815325]
 [ 0.10792478]
 [-0.10654695]
 [ 0.12447049]
 [ 0.13595183]
 [ 0.2098569 ]
 [ 0.13158497]
 [ 0.17753763]
 [ 0.11908704]
 [ 0.11574748]
 [ 0.14315779]
 [ 0.14159271]
 [ 0.13431669]
 [ 0.12863768]
 [ 0.10840217]
 [ 0.10443833]
 [ 0.22879357]
 [ 0.18549936]
 [ 0.1174044 ]
 [ 0.11694489]
 [ 0.13723422]
 [ 0.12077581]
 [ 0.13859472]
 [ 0.23114575]
 [ 0.16249763]
 [ 0.17903858]]